       30.00       14.00        2.00       14.00
       91.65       70.73
        3.27        2.65
       44.07       95.92
       18.34       31.61
       12.98       74.77
       64.46       93.03
       37.20       99.73
       73.91        6.97
       98.47       65.60
       66.06       59.83
       28.58       29.47
       72.40        4.40
       80.97       92.91
       99.86       79.18
       64.70       70.93
       31.77       45.92
       43.35       37.59
       64.49       15.12
       92.36       97.30
       26.36       13.64
       63.00        0.43
       38.23       82.29
       77.64       80.08
       64.94       43.06
       31.83       15.93
        2.83       12.73
       63.10       14.24
        7.18       76.91
       27.70       46.42
        7.62       12.99
